$qr
         Vol_min          WIn           HSI   FMo_Average mean_sat_top
1   -11.01135777  0.025292067 -2.5218960798 -44.953584309 -5.492382247
2     0.09081532  0.404276281  0.1729781544  -2.488473787 -0.271486933
3     0.09081532  0.087805858 -2.4641490866  -1.660688302 -1.349435907
4     0.09081532 -0.013609936  0.1094466848  17.035987506  0.560508884
5     0.09081532  0.119962085  0.0227428437   0.097873362 -2.267287014
6     0.09081532  0.149644756 -0.0367909992  -0.075309064  0.059071036
7     0.09081532  0.085332302  0.0501966650   0.062305558  0.023585559
8     0.09081532  0.038334739  0.1139206579   0.084991143  0.001600170
9     0.04540766  0.020404147  0.1585217525   0.020245008  0.018220209
10    0.09081532 -0.040819052 -0.0495431911  -0.091141169 -0.117193717
11    0.09081532  0.006178511  0.1423991648   0.050067728  0.022777654
12    0.09081532 -0.075448835  0.1881251837   0.063486910 -0.202730471
13    0.04540766  0.025351259  0.0469416352  -0.015436430  0.151636376
14    0.09081532  0.063070298  0.0304231855  -0.002900844  0.069694841
15    0.09081532 -0.006189268  0.0118774803   0.038435922  0.056199661
16    0.09081532  0.117488529  0.0614884791   0.158595444 -0.075495429
17    0.09081532  0.090279414  0.0591449693   0.064057015 -0.001680624
18    0.09081532 -0.053186831 -0.0489851444  -0.328779162 -0.146929639
19    0.09081532 -0.055660387  0.1898295544  -0.166590507 -0.089058956
20    0.09081532  0.006178511 -0.0503651458   0.037139953  0.083607212
21    0.09081532  0.095226526  0.0814853205   0.096056247 -0.089563820
22    0.09081532  0.124909197 -0.0543426075   0.064505315  0.106020249
23    0.04540766 -0.024119860  0.0296944811  -0.028106493  0.085518839
24    0.09081532 -0.040819052 -0.0272231130   0.027754267 -0.055135589
25    0.09081532  0.115014973  0.0527532211  -0.282810568 -0.053281167
26    0.09081532 -0.129867066  0.0994335067   0.015524434  0.085145214
27    0.09081532 -0.058133943 -0.0798477072   0.020195306  0.114775391
28    0.09081532 -0.293121759 -0.0347501538  -0.090168039 -0.048910431
29    0.09081532 -0.159549737 -0.0175641770  -0.263376772 -0.050022240
30    0.04540766  0.035245483  0.0246621033   0.014721699  0.066276065
31    0.09081532  0.006178511 -0.0483360478   0.037276035  0.128419588
32    0.18163064 -0.173159674 -0.1528267118   0.027610877 -0.237771806
33    0.09081532 -0.035871940 -0.0466821808  -0.148497225  0.073162581
34    0.09081532 -0.055660387  0.0465752352   0.058599188  0.024025622
35    0.09081532 -0.075448835 -0.0784982944  -0.130492049  0.108643934
36    0.04540766 -0.006804968  0.0441720328  -0.081805139  0.174630600
37    0.09081532  0.082858746 -0.0267162860  -0.148875732  0.029362477
38    0.09081532 -0.006189268 -0.0518361971   0.004813318 -0.085194266
39    0.27244597 -0.072986036 -0.2665203465   0.287826553 -0.209904951
40    0.09081532  0.085332302 -0.0297497965  -0.148503506  0.008355342
41    0.09081532 -0.092763727  0.0652937985   0.080569151  0.088185344
42    0.09081532 -0.016083492  0.0414617650   0.067466956  0.021783823
43    0.09081532 -0.191705965 -0.0755252452  -0.010600932 -0.080243885
44    0.04540766 -0.051328975  0.0236985949  -0.064190601  0.157206044
45    0.09081532 -0.023504160 -0.0318190827  -0.173971718  0.015540062
46    0.09081532  0.060596742  0.3187478757   0.103908940 -0.255589281
47    0.09081532  0.070490966  0.1479383697   0.036056976 -0.086632870
48    0.09081532  0.105120749 -0.0321036217   0.120090693  0.135301534
49    0.09081532 -0.129867066  0.0994335067  -0.013825200  0.016608404
50    0.09081532 -0.058133943  0.0199839147  -0.061158369  0.040812581
51    0.09081532  0.013599179 -0.0582482184   0.038338280  0.072841862
52    0.09081532  0.075438078  0.1483644624  -0.080161647 -0.023710296
53    0.09081532  0.082858746 -0.0514712817   0.025561874  0.127240088
54    0.09081532 -0.070501723 -0.0691441705  -0.128713375  0.077564027
55    0.09081532  0.058123186  0.0299970928   0.083968145  0.005656166
56    0.18163064  0.106352149 -0.1462027181   0.151804979 -0.190814159
57    0.09081532  0.082858746  0.0804200888  -0.024292074  0.055871730
58    0.09081532 -0.236229972 -0.0079358295  -0.016430077  0.153936083
59    0.09081532  0.110067861 -0.0661721952  -0.027790955 -0.012702168
60    0.09081532 -0.144708402  0.0981552287   0.011984693  0.067643229
61    0.09081532  0.115014973 -0.0409911068  -0.142349379  0.026512938
62    0.09081532 -0.080395947 -0.0557926698   0.016627541 -0.010989107
63    0.09081532 -0.048239720 -0.0550521653  -0.005188734 -0.104586353
64    0.09081532  0.003704955 -0.0335337689  -0.109055087 -0.205504321
65    0.04540766  0.020404147  0.0728938166  -0.044196914  0.080201372
66    0.09081532  0.100173637 -0.0313122556   0.030943526  0.088106246
67    0.09081532 -0.030924828  0.0706199571  -0.168828631  0.028929359
68    0.04540766  0.022877703  0.0840639922  -0.042872115  0.069298399
69    0.09081532  0.112541417 -0.0692057056  -0.086117997 -0.016687532
70    0.04540766 -0.041434751  0.0939459321  -0.027827140  0.067937412
71    0.09081532  0.016072735 -0.0081193611   0.100975119  0.136738851
72    0.04540766 -0.130482766  0.3484357263  -0.060833451 -0.038027416
73    0.09081532  0.035861183 -0.0206186764   0.046042934  0.050839406
74    0.09081532  0.011125623  0.0523274864   0.074528026  0.059905353
75    0.09081532  0.068017410 -0.0600543125   0.080231506  0.076570080
76    0.09081532  0.139750533 -0.0023368793  -0.016601799 -0.009191799
77    0.09081532  0.107594305 -0.0420360654   0.002601705  0.097002943
78    0.09081532  0.092752970 -0.0761857312  -0.149890734 -0.034057160
79    0.09081532  0.077911634  0.0958209605   0.151687255 -0.067012409
80    0.09081532 -0.216441524 -0.0468134189   0.014917576  0.002144836
81    0.09081532  0.147171200 -0.0292934731  -0.016682642 -0.086758175
82    0.09081532 -0.265912643  0.0130451513   0.036768257  0.009961308
83    0.09081532  0.097700081 -0.0449173488  -0.146642376 -0.014999303
84    0.09081532 -0.013609936 -0.0678964810   0.060708493  0.082338219
85    0.09081532  0.025966959 -0.0389211047   0.042512802  0.138723737
86    0.09081532  0.142224089  0.3257784050  -0.111419553 -0.208569630
87    0.09081532  0.028440515  0.1130684726   0.023932047 -0.136707522
88    0.09081532 -0.011136380  0.1409078404   0.133986932  0.018123663
89    0.18163064 -0.049481876 -0.1060564502   0.088880616 -0.188358016
90    0.04540766 -0.001857856  0.0819335288  -0.048771685  0.105912434
91    0.09081532  0.117488529 -0.0541701073   0.033440243  0.041123241
92    0.09081532  0.065543854 -0.0038584343   0.024725356  0.015244398
93    0.09081532  0.072964522 -0.0117415069  -0.150174121  0.004472889
94    0.09081532 -0.035871940 -0.0328843144  -0.030173332  0.108130222
95    0.09081532 -0.035871940 -0.0142166127   0.029777889  0.086703981
96    0.09081532 -0.048239720  0.1904686935   0.040626803 -0.046866521
97    0.09081532  0.018546291  0.1962209447  -0.031493261 -0.063919328
98    0.18163064  0.046986806  0.0008665202   0.177201784 -0.086791516
99    0.04540766 -0.006804968 -0.0061495978  -0.055830334  0.171484534
100   0.18163064  0.093984369 -0.1087150877   0.034042213 -0.131220659
101   0.09081532  0.035861183 -0.0368514605  -0.013744989 -0.020575750
102   0.09081532 -0.060607499  0.0838903654   0.030600762  0.087590278
103   0.18163064  0.093984369 -0.1022219740   0.093176943 -0.177262747
104   0.09081532 -0.171917517  0.0365620571   0.030871210 -0.091567894
105   0.09081532 -0.273333311 -0.0330457831  -0.085448383  0.062052916
    mean_sat_bottom  mean_lgt_top mean_lgt_bottom main_colorred
1     -4.850732e+00 -4.7461762285    -6.467234197 -4.086689e-01
2      3.094555e-01  0.4189049513    -0.148175911 -2.316829e-01
3     -1.143596e+00 -0.4916965271    -0.748731787 -4.778345e-01
4      3.815288e-01  0.7768045721     0.835003072  3.967363e-01
5     -1.823606e+00 -0.0217972759    -0.478036084  2.751337e-02
6      1.211969e+00  0.2585916899     0.024528104 -1.069120e-02
7     -1.839372e-04 -1.6592028247    -1.373511018  2.524697e-01
8      8.487038e-02 -0.0321790466     0.919650189  1.277071e-01
9     -1.055368e-01  0.0813128067    -0.025607944  2.076696e+00
10    -7.111248e-02  0.1612512736    -0.027279814  9.094074e-03
11    -4.439510e-02 -0.0177964115     0.041231012  3.551825e-02
12    -1.568178e-01  0.1304583615    -0.079264867  3.422514e-02
13    -1.142083e-01  0.0653394281     0.071063315  8.601973e-03
14     4.235128e-02  0.0655384486     0.041131424 -4.667609e-01
15     8.364394e-02 -0.0026848980     0.163354989 -5.974305e-03
16    -2.894782e-02  0.1363708938    -0.113821533  4.272165e-04
17     1.008604e-01  0.0181326574    -0.027711296  2.073553e-02
18    -1.615189e-01  0.0948428260    -0.061634667  7.340070e-02
19     8.948453e-02 -0.0915036979     0.272236290  7.574593e-02
20    -7.084671e-02  0.0212683817    -0.063864297  1.750955e-03
21     4.724769e-02  0.1388506015    -0.015193986  5.826738e-03
22     6.879965e-03  0.1580595758    -0.016114982 -1.874448e-02
23     2.725299e-02  0.0638502629    -0.098351560 -4.658089e-01
24    -1.629319e-01  0.1071313177    -0.160851639  7.163495e-03
25    -1.280852e-01 -0.1471906267    -0.028436780 -3.573099e-01
26     6.964809e-02  0.0184829246     0.034591657  1.375969e-02
27    -1.011158e-01 -0.1773219652    -0.047930362  1.802756e-02
28     1.648301e-01  0.0519965988    -0.058851333 -9.932914e-04
29     1.086917e-01  0.1684721917     0.079908880  2.608498e-02
30    -1.605753e-01  0.0080309395    -0.059400874  1.993123e-02
31    -3.375532e-03 -0.0272393095    -0.055590569  4.869206e-03
32    -2.779870e-02  0.0030129225    -0.051571267 -7.614019e-03
33    -8.108483e-05 -0.0332495330     0.108973456  2.964034e-02
34     6.179361e-02 -0.0632588858     0.057309520 -4.710558e-01
35     8.970512e-02 -0.0376476760     0.278369869 -8.317416e-04
36    -1.006827e-01 -0.0105809264     0.137566514  2.277967e-02
37     8.626472e-02 -0.0055723070     0.035432221  4.548158e-02
38    -8.079824e-02  0.2263763891     0.072008200 -2.605094e-02
39     6.552884e-03 -0.2257088327     0.057333246 -4.191875e-02
40     3.642420e-02 -0.0987195600    -0.130757602  7.258641e-02
41     9.031832e-02  0.0591539029     0.029085447 -9.302465e-03
42    -2.968101e-02 -0.0932956404     0.064250023  1.666366e-02
43     9.347772e-02  0.2321440395    -0.039138703 -3.978997e-02
44    -1.354020e-01  0.0052571066     0.060510730  1.664718e-02
45    -7.946738e-03 -0.0749040098     0.023218102  5.328660e-02
46     1.055450e-02  0.0661738392    -0.056642804  6.746296e-02
47    -1.564145e-02  0.0595853922     0.164093263  2.696209e-02
48    -3.062679e-02  0.0295402684    -0.043593739 -8.714035e-03
49     3.846131e-02 -0.1439464626    -0.057942720  5.109366e-02
50    -5.294365e-02 -0.1168131824    -0.100431713  5.297870e-02
51    -5.545624e-02  0.0237015266     0.001331866 -5.341739e-03
52    -1.115444e-01 -0.1419074715    -0.047099515  9.675573e-02
53    -8.762114e-02  0.0812784111     0.048929809 -7.077534e-03
54     1.105055e-01  0.0209821241     0.076690015  1.056211e-02
55    -1.167665e-01 -0.0029795431     0.046572345  9.697471e-03
56     2.280514e-01 -0.0017539521    -0.025406790 -1.788298e-02
57    -1.061108e-01  0.0615289113     0.107112199  3.048335e-02
58     1.238364e-01 -0.0270630086    -0.072634209  1.116049e-03
59    -3.680682e-02  0.0684109267    -0.014731217  1.270928e-02
60     4.383004e-02 -0.0312840594     0.029448190  2.089044e-02
61     7.228297e-02 -0.0393260371    -0.098014178  5.981383e-02
62     1.290953e-01  0.0626195031    -0.097688580 -7.841924e-03
63    -9.352594e-02  0.1812340000    -0.027422317 -1.334362e-02
64    -9.219027e-05  0.2442911728    -0.025779892  9.557747e-03
65    -1.575945e-01  0.0484914992    -0.080799732  3.726998e-02
66    -1.012272e-01 -0.0306871594    -0.040781008  2.056064e-02
67     3.674750e-02 -0.0269715398     0.027837960  6.447736e-02
68    -6.842423e-02  0.0314200262     0.041601953  2.948042e-02
69    -1.355411e-01 -0.0477091405    -0.008759857  4.186225e-02
70    -6.708306e-02 -0.0242404295     0.031331924  3.072845e-02
71    -5.341386e-02  0.0806689177     0.023191665 -1.901263e-02
72     5.642746e-02  0.1024439752     0.175975379  5.320891e-02
73    -1.158353e-02  0.0958437985     0.118344319 -1.696530e-02
74    -3.116404e-02  0.0557354080     0.003025897  4.756527e-03
75    -7.894246e-02 -0.0435485425     0.021412081 -2.453348e-03
76    -2.430897e-02 -0.0483359856    -0.051514201  4.362603e-02
77     3.622075e-03  0.1279908346     0.062882987 -6.882179e-03
78     1.811844e-01  0.1579494620    -0.037414138  2.053419e-02
79    -5.573549e-02  0.0896212306    -0.143820275  1.449428e-02
80     1.782597e-01  0.1384066318    -0.095505014 -2.894617e-02
81    -2.730479e-02  0.1146439693    -0.036667734  1.851779e-02
82     1.305554e-01 -0.0759111943    -0.201159325  1.174516e-02
83     1.076298e-02  0.1825020415     0.292176607  4.407016e-05
84    -8.213020e-02 -0.1192253955    -0.091444140  1.210413e-02
85    -1.552958e-02 -0.0151208830    -0.034807303  4.167081e-03
86    -5.108757e-02 -0.0993124074     0.061955679 -3.476260e-01
87     1.029861e-02  0.1090957002    -0.051753376  3.088634e-02
88    -7.064608e-02 -0.0471764771    -0.044905191  2.749631e-02
89    -2.032912e-01 -0.0434174583    -0.019828933  6.230430e-03
90    -1.376804e-01  0.0119045248    -0.024879791  3.709503e-02
91     2.248630e-02  0.0558577699     0.007316940 -3.325346e-04
92     1.498743e-01  0.1350526280    -0.044106283 -1.246947e-03
93     1.091382e-02  0.0005185088    -0.013827942  5.381913e-02
94     8.475341e-02 -0.0198030115    -0.028231020  1.380195e-02
95    -2.395241e-02 -0.0894667302     0.159552620  1.481777e-03
96     3.532286e-02 -0.1259014639     0.080040378  5.298122e-02
97     3.179848e-02 -0.0054752043     0.175887248  5.240661e-02
98     3.939846e-02 -0.1464563929     0.281572938 -2.913089e-03
99    -7.907064e-02 -0.0407876221     0.048792860  1.771286e-02
100    5.769878e-02 -0.2288710731     0.138148504  3.247834e-02
101   -1.822929e-01 -0.1049529229    -0.365687939  6.468926e-02
102   -3.720351e-03  0.0554164318     0.082424383  6.458152e-03
103    3.147939e-01 -0.0628784597     0.008363019  5.079876e-03
104    8.479049e-02  0.1610407637    -0.017510541 -1.615565e-02
105    1.688326e-01 -0.0999900684    -0.038134625  1.510799e-02
    main_colororange main_coloryellow main_colorgreen main_colorblue
1      -6.5387031723     -1.271414506   -0.0908153218  -0.8173378965
2      -0.3305231761      1.182747353    0.0081550845  -0.6612503569
3      -1.5462714544      0.341279964    0.0525282566   0.2129982206
4       0.1568140675      0.196956957    0.0014705663   0.2914977151
5      -3.9714979574      1.040368895    0.0772185550   0.2349023415
6       0.5598398108      0.668201583    0.1048706172  -0.7080996085
7       0.9485567084     -0.860706158   -0.2196626970  -0.4815942132
8      -0.5028514281      0.710463403   -0.1006722473   0.3234302740
9      -1.7382548657     -0.026743934    0.0272566492  -0.2093906190
10      2.7313372525     -0.930209313   -0.0208856371  -1.3526075116
11     -0.0041148865      2.277918143   -0.1887585167  -0.9071985330
12      0.0411227946     -0.098692596    0.9363592397  -0.3111448802
13     -0.0270202201     -0.033294148    0.0144732305   1.7544319446
14     -0.0390097375      0.013852730    0.0386010745   0.0303156775
15     -0.0320933009     -0.062268049    0.0026038071  -0.0173193034
16     -0.2223248422     -0.039264853    0.0276025228  -0.1159190229
17     -0.0960864313     -0.057625369   -0.0139358035  -0.0210692925
18      0.0700295056     -0.140793426    0.0214008631   0.0236535669
19     -0.0516153218      0.025035207    0.0123073459  -0.0821248927
20     -0.0519236447     -0.002769336    0.0091809803   0.0429476545
21      0.1440343754      0.177464046    0.0607992498   0.2535074204
22     -0.0492871647     -0.059143799    0.0226028345   0.0941209426
23     -0.1926883898     -0.018227162    0.0190091201  -0.1125269137
24      0.1190858045     -0.166395213   -0.0015098513   0.0271419661
25     -0.0262476890      0.070797746    0.0166067618   0.0214327000
26     -0.0202910915      0.073757472    0.0123585413   0.0505172112
27      0.0323651899     -0.004511067   -0.0318187812   0.0432274619
28      0.0514597408     -0.175870071   -0.0266737271  -0.0465376664
29      0.1128969816      0.270644525    0.0980887658   0.3068908205
30     -0.1322721306     -0.049939612    0.0004820890  -0.0891467396
31      0.0088890125     -0.016078853   -0.0151955423   0.0929815607
32      0.1016034196     -0.111552131    0.0224200145  -0.0108934627
33     -0.0096752912     -0.007339860    0.0091239117   0.0580887580
34     -0.0808433752      0.011360298    0.0173546283  -0.0987736608
35      0.0204207351     -0.063711437    0.0081665304   0.0368049162
36      0.0347490993     -0.028512570    0.0017948902   0.0511888421
37      0.3140433807      0.171134064    0.0210076064  -0.1330716678
38      0.0730435529      0.191493908   -0.9504394157  -0.0981407393
39      0.0591706470      0.095213004    0.0367631130   0.0613887298
40     -0.0658046627     -0.031940635   -0.0372780959   0.0508367479
41     -0.0493772289      0.028496574    0.0128905630   0.0266052610
42     -0.0323138173     -0.019311365   -0.0088445027  -0.0464086873
43     -0.0344476752      0.218717690    0.1035790031   0.1503403669
44     -0.0246515864     -0.007013369    0.0095081467   0.0126619561
45     -0.0610503082     -0.001035011   -0.0027448536   0.0150505804
46      0.0778032772      0.281434398    0.0636310164   0.1328980358
47     -0.1160465136     -0.016594150    0.0378591596  -0.1052790718
48      0.0284927329     -0.044855758   -0.0083749084   0.1117753032
49     -0.0483883891      0.066015844   -0.0255590000  -0.0209288057
50     -0.0335880816      0.052379166   -0.0174951453   0.0331749625
51     -0.0573389855     -0.029490515    0.0124026835   0.0163260515
52      0.0223920798      0.067386509   -0.0168659367   0.0530601164
53      0.0232752992     -0.023324920    0.0251150157   0.1173906702
54     -0.0705712018     -0.029769956    0.0068497922   0.0343793338
55     -0.0586699784     -0.019504657    0.0183358573  -0.0399330981
56      0.1913693041      0.141290240    0.0368795330  -0.2570192927
57      0.0304187201      0.032897371    0.0361462470   0.0950662197
58     -0.0303324768      0.076090816   -0.0105242894   0.0796221635
59      0.2225033566      0.154770530    0.0491882198  -0.2249533306
60     -0.0238741117      0.075840996    0.0057466197   0.0231356770
61     -0.0633004614     -0.053367191   -0.0293434192   0.0729237963
62      0.1283444881     -0.255138085   -0.0487423993   0.0292690420
63      0.0383867163     -0.221576852    0.0223389541  -0.0597517547
64     -0.0748313409      0.187168156    0.1150149949   0.1161866418
65     -0.1091544679      0.007856948    0.0118972801  -0.0243290193
66      0.0183943057     -0.024198589   -0.0067773533   0.0863841572
67     -0.0240000213      0.053939277    0.0048896929   0.0730662737
68     -0.1013121553     -0.041112564    0.0048863203  -0.0597446710
69     -0.0828477100     -0.051613582    0.0055351703  -0.0188848657
70     -0.1013114151     -0.022936393   -0.0042465727  -0.0866038270
71      0.0148350249      0.004521229    0.0222879325   0.0976093546
72     -0.1640923338      0.080663102    0.0430911755  -0.1497909664
73     -0.0709287332     -0.049475048    0.0331807543  -0.0078784315
74     -0.0409967543      0.018108182    0.0192230121   0.0334207307
75     -0.0119211980     -0.063431895   -0.0067007528   0.0155218019
76     -0.0690103696     -0.061144741   -0.0176737304  -0.0003590104
77     -0.0250075939     -0.052801901    0.0258634861   0.0937913730
78      0.1344244053      0.129943311    0.0464136902  -0.2199268972
79     -0.1917732461      0.004791874    0.0212799087  -0.0960539093
80      0.0730730292     -0.203797724   -0.0239688521   0.0070935323
81      0.1422530689      0.146294006    0.0599972964   0.2781293497
82     -0.2082414752      0.060720388   -0.0216728438  -0.1147258968
83     -0.1167595962     -0.087619437    0.0695945148  -0.0279979476
84     -0.0232527063     -0.021284798   -0.0260354533   0.0132497292
85      0.0315507937     -0.014718146   -0.0114812875   0.1135650205
86     -0.1041565324      0.097753988    0.0326207865  -0.1367133395
87      0.1044921624      0.234512715    0.0683604927  -0.3499057626
88     -0.0275076106      0.056820438   -0.0001168421  -0.0094750200
89      0.2581879078     -0.089334087    0.0212335823   0.0956117662
90     -0.0611775752      0.007932849    0.0045986516  -0.0045249924
91     -0.0829793177     -0.090286319    0.0025848893   0.0083915220
92      0.2052203027      0.161660465    0.0392907740  -0.2018083999
93      0.2903081025      0.207792837    0.0325158082  -0.1480755198
94     -0.0219037619     -0.013054081   -0.0157557057   0.0769561138
95      0.0302834810     -0.035610748   -0.0040798848   0.0075871179
96     -0.0426497820      0.035471495   -0.0135652442  -0.0781038411
97     -0.0555063390      0.025699092    0.0219214596  -0.0528141219
98      0.1294561968      0.017346215    0.0194117024   0.0616216996
99     -0.0044803876     -0.056768256   -0.0170827890   0.0238421669
100     0.0611304564     -0.029342084   -0.0135388800   0.0439460002
101    -0.1415030181      0.048732260   -0.0232967608  -0.0100366007
102     0.0004590334      0.055378023    0.0280881864   0.0639147899
103    -0.1197347891     -0.079981806   -0.0158478516  -0.0261972554
104     0.0362051836     -0.187955269    0.0042321018  -0.0732993712
105    -0.1235708310      0.035171238   -0.0208841674  -0.0489606208

$rank
[1] 13

$qraux
 [1] 1.045408 1.090279 1.003740 1.072602 1.009519 1.244951 1.106786 1.070601
 [9] 1.032363 1.043975 1.052012 1.026279 1.021799

$pivot
 [1]  1  2  3  4  5  6  7  8  9 10 11 12 13

attr(,"class")
[1] "qr"

Processing function input....... 

Converting data frame 'x_det_traits' to matrix.

Done. 
 
Beginning parallel processing using 4 cores. Console output will be suppressed.
