$qr
         Vol_min          WIn           HSI   FMo_Average mean_sat_top
1   -11.01135777  0.025292067 -2.5218960798 -44.953584309 -5.492382247
2     0.09081532  0.404276281  0.1729781544  -2.488473787 -0.271486933
3     0.09081532  0.087805858 -2.4641490866  -1.660688302 -1.349435907
4     0.09081532 -0.013609936  0.1094466848  17.035987506  0.560508884
5     0.09081532  0.119962085  0.0227428437   0.097873362 -2.267287014
6     0.09081532  0.149644756 -0.0367909992  -0.075309064  0.059071036
7     0.09081532  0.085332302  0.0501966650   0.062305558  0.023585559
8     0.09081532  0.038334739  0.1139206579   0.084991143  0.001600170
9     0.04540766  0.020404147  0.1585217525   0.020245008  0.018220209
10    0.09081532 -0.040819052 -0.0495431911  -0.091141169 -0.117193717
11    0.09081532  0.006178511  0.1423991648   0.050067728  0.022777654
12    0.09081532 -0.075448835  0.1881251837   0.063486910 -0.202730471
13    0.04540766  0.025351259  0.0469416352  -0.015436430  0.151636376
14    0.09081532  0.063070298  0.0304231855  -0.002900844  0.069694841
15    0.09081532 -0.006189268  0.0118774803   0.038435922  0.056199661
16    0.09081532  0.117488529  0.0614884791   0.158595444 -0.075495429
17    0.09081532  0.090279414  0.0591449693   0.064057015 -0.001680624
18    0.09081532 -0.053186831 -0.0489851444  -0.328779162 -0.146929639
19    0.09081532 -0.055660387  0.1898295544  -0.166590507 -0.089058956
20    0.09081532  0.006178511 -0.0503651458   0.037139953  0.083607212
21    0.09081532  0.095226526  0.0814853205   0.096056247 -0.089563820
22    0.09081532  0.124909197 -0.0543426075   0.064505315  0.106020249
23    0.04540766 -0.024119860  0.0296944811  -0.028106493  0.085518839
24    0.09081532 -0.040819052 -0.0272231130   0.027754267 -0.055135589
25    0.09081532  0.115014973  0.0527532211  -0.282810568 -0.053281167
26    0.09081532 -0.129867066  0.0994335067   0.015524434  0.085145214
27    0.09081532 -0.058133943 -0.0798477072   0.020195306  0.114775391
28    0.09081532 -0.293121759 -0.0347501538  -0.090168039 -0.048910431
29    0.09081532 -0.159549737 -0.0175641770  -0.263376772 -0.050022240
30    0.04540766  0.035245483  0.0246621033   0.014721699  0.066276065
31    0.09081532  0.006178511 -0.0483360478   0.037276035  0.128419588
32    0.18163064 -0.173159674 -0.1528267118   0.027610877 -0.237771806
33    0.09081532 -0.035871940 -0.0466821808  -0.148497225  0.073162581
34    0.09081532 -0.055660387  0.0465752352   0.058599188  0.024025622
35    0.09081532 -0.075448835 -0.0784982944  -0.130492049  0.108643934
36    0.04540766 -0.006804968  0.0441720328  -0.081805139  0.174630600
37    0.09081532  0.082858746 -0.0267162860  -0.148875732  0.029362477
38    0.09081532 -0.006189268 -0.0518361971   0.004813318 -0.085194266
39    0.27244597 -0.072986036 -0.2665203465   0.287826553 -0.209904951
40    0.09081532  0.085332302 -0.0297497965  -0.148503506  0.008355342
41    0.09081532 -0.092763727  0.0652937985   0.080569151  0.088185344
42    0.09081532 -0.016083492  0.0414617650   0.067466956  0.021783823
43    0.09081532 -0.191705965 -0.0755252452  -0.010600932 -0.080243885
44    0.04540766 -0.051328975  0.0236985949  -0.064190601  0.157206044
45    0.09081532 -0.023504160 -0.0318190827  -0.173971718  0.015540062
46    0.09081532  0.060596742  0.3187478757   0.103908940 -0.255589281
47    0.09081532  0.070490966  0.1479383697   0.036056976 -0.086632870
48    0.09081532  0.105120749 -0.0321036217   0.120090693  0.135301534
49    0.09081532 -0.129867066  0.0994335067  -0.013825200  0.016608404
50    0.09081532 -0.058133943  0.0199839147  -0.061158369  0.040812581
51    0.09081532  0.013599179 -0.0582482184   0.038338280  0.072841862
52    0.09081532  0.075438078  0.1483644624  -0.080161647 -0.023710296
53    0.09081532  0.082858746 -0.0514712817   0.025561874  0.127240088
54    0.09081532 -0.070501723 -0.0691441705  -0.128713375  0.077564027
55    0.09081532  0.058123186  0.0299970928   0.083968145  0.005656166
56    0.18163064  0.106352149 -0.1462027181   0.151804979 -0.190814159
57    0.09081532  0.082858746  0.0804200888  -0.024292074  0.055871730
58    0.09081532 -0.236229972 -0.0079358295  -0.016430077  0.153936083
59    0.09081532  0.110067861 -0.0661721952  -0.027790955 -0.012702168
60    0.09081532 -0.144708402  0.0981552287   0.011984693  0.067643229
61    0.09081532  0.115014973 -0.0409911068  -0.142349379  0.026512938
62    0.09081532 -0.080395947 -0.0557926698   0.016627541 -0.010989107
63    0.09081532 -0.048239720 -0.0550521653  -0.005188734 -0.104586353
64    0.09081532  0.003704955 -0.0335337689  -0.109055087 -0.205504321
65    0.04540766  0.020404147  0.0728938166  -0.044196914  0.080201372
66    0.09081532  0.100173637 -0.0313122556   0.030943526  0.088106246
67    0.09081532 -0.030924828  0.0706199571  -0.168828631  0.028929359
68    0.04540766  0.022877703  0.0840639922  -0.042872115  0.069298399
69    0.09081532  0.112541417 -0.0692057056  -0.086117997 -0.016687532
70    0.04540766 -0.041434751  0.0939459321  -0.027827140  0.067937412
71    0.09081532  0.016072735 -0.0081193611   0.100975119  0.136738851
72    0.04540766 -0.130482766  0.3484357263  -0.060833451 -0.038027416
73    0.09081532  0.035861183 -0.0206186764   0.046042934  0.050839406
74    0.09081532  0.011125623  0.0523274864   0.074528026  0.059905353
75    0.09081532  0.068017410 -0.0600543125   0.080231506  0.076570080
76    0.09081532  0.139750533 -0.0023368793  -0.016601799 -0.009191799
77    0.09081532  0.107594305 -0.0420360654   0.002601705  0.097002943
78    0.09081532  0.092752970 -0.0761857312  -0.149890734 -0.034057160
79    0.09081532  0.077911634  0.0958209605   0.151687255 -0.067012409
80    0.09081532 -0.216441524 -0.0468134189   0.014917576  0.002144836
81    0.09081532  0.147171200 -0.0292934731  -0.016682642 -0.086758175
82    0.09081532 -0.265912643  0.0130451513   0.036768257  0.009961308
83    0.09081532  0.097700081 -0.0449173488  -0.146642376 -0.014999303
84    0.09081532 -0.013609936 -0.0678964810   0.060708493  0.082338219
85    0.09081532  0.025966959 -0.0389211047   0.042512802  0.138723737
86    0.09081532  0.142224089  0.3257784050  -0.111419553 -0.208569630
87    0.09081532  0.028440515  0.1130684726   0.023932047 -0.136707522
88    0.09081532 -0.011136380  0.1409078404   0.133986932  0.018123663
89    0.18163064 -0.049481876 -0.1060564502   0.088880616 -0.188358016
90    0.04540766 -0.001857856  0.0819335288  -0.048771685  0.105912434
91    0.09081532  0.117488529 -0.0541701073   0.033440243  0.041123241
92    0.09081532  0.065543854 -0.0038584343   0.024725356  0.015244398
93    0.09081532  0.072964522 -0.0117415069  -0.150174121  0.004472889
94    0.09081532 -0.035871940 -0.0328843144  -0.030173332  0.108130222
95    0.09081532 -0.035871940 -0.0142166127   0.029777889  0.086703981
96    0.09081532 -0.048239720  0.1904686935   0.040626803 -0.046866521
97    0.09081532  0.018546291  0.1962209447  -0.031493261 -0.063919328
98    0.18163064  0.046986806  0.0008665202   0.177201784 -0.086791516
99    0.04540766 -0.006804968 -0.0061495978  -0.055830334  0.171484534
100   0.18163064  0.093984369 -0.1087150877   0.034042213 -0.131220659
101   0.09081532  0.035861183 -0.0368514605  -0.013744989 -0.020575750
102   0.09081532 -0.060607499  0.0838903654   0.030600762  0.087590278
103   0.18163064  0.093984369 -0.1022219740   0.093176943 -0.177262747
104   0.09081532 -0.171917517  0.0365620571   0.030871210 -0.091567894
105   0.09081532 -0.273333311 -0.0330457831  -0.085448383  0.062052916
    mean_sat_bottom  mean_lgt_top mean_lgt_bottom main_colorred
1     -4.850732e+00 -4.7461762285    -6.467234197 -4.086689e-01
2      3.094555e-01  0.4189049513    -0.148175911 -2.316829e-01
3     -1.143596e+00 -0.4916965271    -0.748731787 -4.778345e-01
4      3.815288e-01  0.7768045721     0.835003072  3.967363e-01
5     -1.823606e+00 -0.0217972759    -0.478036084  2.751337e-02
6      1.211969e+00  0.2585916899     0.024528104 -1.069120e-02
7     -1.839372e-04 -1.6592028247    -1.373511018  2.524697e-01
8      8.487038e-02 -0.0321790466     0.919650189  1.277071e-01
9     -1.055368e-01  0.0813128067    -0.025607944  2.076696e+00
10    -7.111248e-02  0.1612512736    -0.027279814  9.094074e-03
11    -4.439510e-02 -0.0177964115     0.041231012  3.551825e-02
12    -1.568178e-01  0.1304583615    -0.079264867  3.422514e-02
13    -1.142083e-01  0.0653394281     0.071063315  8.601973e-03
14     4.235128e-02  0.0655384486     0.041131424 -4.667609e-01
15     8.364394e-02 -0.0026848980     0.163354989 -5.974305e-03
16    -2.894782e-02  0.1363708938    -0.113821533  4.272165e-04
17     1.008604e-01  0.0181326574    -0.027711296  2.073553e-02
18    -1.615189e-01  0.0948428260    -0.061634667  7.340070e-02
19     8.948453e-02 -0.0915036979     0.272236290  7.574593e-02
20    -7.084671e-02  0.0212683817    -0.063864297  1.750955e-03
21     4.724769e-02  0.1388506015    -0.015193986  5.826738e-03
22     6.879965e-03  0.1580595758    -0.016114982 -1.874448e-02
23     2.725299e-02  0.0638502629    -0.098351560 -4.658089e-01
24    -1.629319e-01  0.1071313177    -0.160851639  7.163495e-03
25    -1.280852e-01 -0.1471906267    -0.028436780 -3.573099e-01
26     6.964809e-02  0.0184829246     0.034591657  1.375969e-02
27    -1.011158e-01 -0.1773219652    -0.047930362  1.802756e-02
28     1.648301e-01  0.0519965988    -0.058851333 -9.932914e-04
29     1.086917e-01  0.1684721917     0.079908880  2.608498e-02
30    -1.605753e-01  0.0080309395    -0.059400874  1.993123e-02
31    -3.375532e-03 -0.0272393095    -0.055590569  4.869206e-03
32    -2.779870e-02  0.0030129225    -0.051571267 -7.614019e-03
33    -8.108483e-05 -0.0332495330     0.108973456  2.964034e-02
34     6.179361e-02 -0.0632588858     0.057309520 -4.710558e-01
35     8.970512e-02 -0.0376476760     0.278369869 -8.317416e-04
36    -1.006827e-01 -0.0105809264     0.137566514  2.277967e-02
37     8.626472e-02 -0.0055723070     0.035432221  4.548158e-02
38    -8.079824e-02  0.2263763891     0.072008200 -2.605094e-02
39     6.552884e-03 -0.2257088327     0.057333246 -4.191875e-02
40     3.642420e-02 -0.0987195600    -0.130757602  7.258641e-02
41     9.031832e-02  0.0591539029     0.029085447 -9.302465e-03
42    -2.968101e-02 -0.0932956404     0.064250023  1.666366e-02
43     9.347772e-02  0.2321440395    -0.039138703 -3.978997e-02
44    -1.354020e-01  0.0052571066     0.060510730  1.664718e-02
45    -7.946738e-03 -0.0749040098     0.023218102  5.328660e-02
46     1.055450e-02  0.0661738392    -0.056642804  6.746296e-02
47    -1.564145e-02  0.0595853922     0.164093263  2.696209e-02
48    -3.062679e-02  0.0295402684    -0.043593739 -8.714035e-03
49     3.846131e-02 -0.1439464626    -0.057942720  5.109366e-02
50    -5.294365e-02 -0.1168131824    -0.100431713  5.297870e-02
51    -5.545624e-02  0.0237015266     0.001331866 -5.341739e-03
52    -1.115444e-01 -0.1419074715    -0.047099515  9.675573e-02
53    -8.762114e-02  0.0812784111     0.048929809 -7.077534e-03
54     1.105055e-01  0.0209821241     0.076690015  1.056211e-02
55    -1.167665e-01 -0.0029795431     0.046572345  9.697471e-03
56     2.280514e-01 -0.0017539521    -0.025406790 -1.788298e-02
57    -1.061108e-01  0.0615289113     0.107112199  3.048335e-02
58     1.238364e-01 -0.0270630086    -0.072634209  1.116049e-03
59    -3.680682e-02  0.0684109267    -0.014731217  1.270928e-02
60     4.383004e-02 -0.0312840594     0.029448190  2.089044e-02
61     7.228297e-02 -0.0393260371    -0.098014178  5.981383e-02
62     1.290953e-01  0.0626195031    -0.097688580 -7.841924e-03
63    -9.352594e-02  0.1812340000    -0.027422317 -1.334362e-02
64    -9.219027e-05  0.2442911728    -0.025779892  9.557747e-03
65    -1.575945e-01  0.0484914992    -0.080799732  3.726998e-02
66    -1.012272e-01 -0.0306871594    -0.040781008  2.056064e-02
67     3.674750e-02 -0.0269715398     0.027837960  6.447736e-02
68    -6.842423e-02  0.0314200262     0.041601953  2.948042e-02
69    -1.355411e-01 -0.0477091405    -0.008759857  4.186225e-02
70    -6.708306e-02 -0.0242404295     0.031331924  3.072845e-02
71    -5.341386e-02  0.0806689177     0.023191665 -1.901263e-02
72     5.642746e-02  0.1024439752     0.175975379  5.320891e-02
73    -1.158353e-02  0.0958437985     0.118344319 -1.696530e-02
74    -3.116404e-02  0.0557354080     0.003025897  4.756527e-03
75    -7.894246e-02 -0.0435485425     0.021412081 -2.453348e-03
76    -2.430897e-02 -0.0483359856    -0.051514201  4.362603e-02
77     3.622075e-03  0.1279908346     0.062882987 -6.882179e-03
78     1.811844e-01  0.1579494620    -0.037414138  2.053419e-02
79    -5.573549e-02  0.0896212306    -0.143820275  1.449428e-02
80     1.782597e-01  0.1384066318    -0.095505014 -2.894617e-02
81    -2.730479e-02  0.1146439693    -0.036667734  1.851779e-02
82     1.305554e-01 -0.0759111943    -0.201159325  1.174516e-02
83     1.076298e-02  0.1825020415     0.292176607  4.407016e-05
84    -8.213020e-02 -0.1192253955    -0.091444140  1.210413e-02
85    -1.552958e-02 -0.0151208830    -0.034807303  4.167081e-03
86    -5.108757e-02 -0.0993124074     0.061955679 -3.476260e-01
87     1.029861e-02  0.1090957002    -0.051753376  3.088634e-02
88    -7.064608e-02 -0.0471764771    -0.044905191  2.749631e-02
89    -2.032912e-01 -0.0434174583    -0.019828933  6.230430e-03
90    -1.376804e-01  0.0119045248    -0.024879791  3.709503e-02
91     2.248630e-02  0.0558577699     0.007316940 -3.325346e-04
92     1.498743e-01  0.1350526280    -0.044106283 -1.246947e-03
93     1.091382e-02  0.0005185088    -0.013827942  5.381913e-02
94     8.475341e-02 -0.0198030115    -0.028231020  1.380195e-02
95    -2.395241e-02 -0.0894667302     0.159552620  1.481777e-03
96     3.532286e-02 -0.1259014639     0.080040378  5.298122e-02
97     3.179848e-02 -0.0054752043     0.175887248  5.240661e-02
98     3.939846e-02 -0.1464563929     0.281572938 -2.913089e-03
99    -7.907064e-02 -0.0407876221     0.048792860  1.771286e-02
100    5.769878e-02 -0.2288710731     0.138148504  3.247834e-02
101   -1.822929e-01 -0.1049529229    -0.365687939  6.468926e-02
102   -3.720351e-03  0.0554164318     0.082424383  6.458152e-03
103    3.147939e-01 -0.0628784597     0.008363019  5.079876e-03
104    8.479049e-02  0.1610407637    -0.017510541 -1.615565e-02
105    1.688326e-01 -0.0999900684    -0.038134625  1.510799e-02
    main_colororange main_coloryellow main_colorgreen main_colorblue
1      -6.5387031723     -1.271414506   -0.0908153218  -0.8173378965
2      -0.3305231761      1.182747353    0.0081550845  -0.6612503569
3      -1.5462714544      0.341279964    0.0525282566   0.2129982206
4       0.1568140675      0.196956957    0.0014705663   0.2914977151
5      -3.9714979574      1.040368895    0.0772185550   0.2349023415
6       0.5598398108      0.668201583    0.1048706172  -0.7080996085
7       0.9485567084     -0.860706158   -0.2196626970  -0.4815942132
8      -0.5028514281      0.710463403   -0.1006722473   0.3234302740
9      -1.7382548657     -0.026743934    0.0272566492  -0.2093906190
10      2.7313372525     -0.930209313   -0.0208856371  -1.3526075116
11     -0.0041148865      2.277918143   -0.1887585167  -0.9071985330
12      0.0411227946     -0.098692596    0.9363592397  -0.3111448802
13     -0.0270202201     -0.033294148    0.0144732305   1.7544319446
14     -0.0390097375      0.013852730    0.0386010745   0.0303156775
15     -0.0320933009     -0.062268049    0.0026038071  -0.0173193034
16     -0.2223248422     -0.039264853    0.0276025228  -0.1159190229
17     -0.0960864313     -0.057625369   -0.0139358035  -0.0210692925
18      0.0700295056     -0.140793426    0.0214008631   0.0236535669
19     -0.0516153218      0.025035207    0.0123073459  -0.0821248927
20     -0.0519236447     -0.002769336    0.0091809803   0.0429476545
21      0.1440343754      0.177464046    0.0607992498   0.2535074204
22     -0.0492871647     -0.059143799    0.0226028345   0.0941209426
23     -0.1926883898     -0.018227162    0.0190091201  -0.1125269137
24      0.1190858045     -0.166395213   -0.0015098513   0.0271419661
25     -0.0262476890      0.070797746    0.0166067618   0.0214327000
26     -0.0202910915      0.073757472    0.0123585413   0.0505172112
27      0.0323651899     -0.004511067   -0.0318187812   0.0432274619
28      0.0514597408     -0.175870071   -0.0266737271  -0.0465376664
29      0.1128969816      0.270644525    0.0980887658   0.3068908205
30     -0.1322721306     -0.049939612    0.0004820890  -0.0891467396
31      0.0088890125     -0.016078853   -0.0151955423   0.0929815607
32      0.1016034196     -0.111552131    0.0224200145  -0.0108934627
33     -0.0096752912     -0.007339860    0.0091239117   0.0580887580
34     -0.0808433752      0.011360298    0.0173546283  -0.0987736608
35      0.0204207351     -0.063711437    0.0081665304   0.0368049162
36      0.0347490993     -0.028512570    0.0017948902   0.0511888421
37      0.3140433807      0.171134064    0.0210076064  -0.1330716678
38      0.0730435529      0.191493908   -0.9504394157  -0.0981407393
39      0.0591706470      0.095213004    0.0367631130   0.0613887298
40     -0.0658046627     -0.031940635   -0.0372780959   0.0508367479
41     -0.0493772289      0.028496574    0.0128905630   0.0266052610
42     -0.0323138173     -0.019311365   -0.0088445027  -0.0464086873
43     -0.0344476752      0.218717690    0.1035790031   0.1503403669
44     -0.0246515864     -0.007013369    0.0095081467   0.0126619561
45     -0.0610503082     -0.001035011   -0.0027448536   0.0150505804
46      0.0778032772      0.281434398    0.0636310164   0.1328980358
47     -0.1160465136     -0.016594150    0.0378591596  -0.1052790718
48      0.0284927329     -0.044855758   -0.0083749084   0.1117753032
49     -0.0483883891      0.066015844   -0.0255590000  -0.0209288057
50     -0.0335880816      0.052379166   -0.0174951453   0.0331749625
51     -0.0573389855     -0.029490515    0.0124026835   0.0163260515
52      0.0223920798      0.067386509   -0.0168659367   0.0530601164
53      0.0232752992     -0.023324920    0.0251150157   0.1173906702
54     -0.0705712018     -0.029769956    0.0068497922   0.0343793338
55     -0.0586699784     -0.019504657    0.0183358573  -0.0399330981
56      0.1913693041      0.141290240    0.0368795330  -0.2570192927
57      0.0304187201      0.032897371    0.0361462470   0.0950662197
58     -0.0303324768      0.076090816   -0.0105242894   0.0796221635
59      0.2225033566      0.154770530    0.0491882198  -0.2249533306
60     -0.0238741117      0.075840996    0.0057466197   0.0231356770
61     -0.0633004614     -0.053367191   -0.0293434192   0.0729237963
62      0.1283444881     -0.255138085   -0.0487423993   0.0292690420
63      0.0383867163     -0.221576852    0.0223389541  -0.0597517547
64     -0.0748313409      0.187168156    0.1150149949   0.1161866418
65     -0.1091544679      0.007856948    0.0118972801  -0.0243290193
66      0.0183943057     -0.024198589   -0.0067773533   0.0863841572
67     -0.0240000213      0.053939277    0.0048896929   0.0730662737
68     -0.1013121553     -0.041112564    0.0048863203  -0.0597446710
69     -0.0828477100     -0.051613582    0.0055351703  -0.0188848657
70     -0.1013114151     -0.022936393   -0.0042465727  -0.0866038270
71      0.0148350249      0.004521229    0.0222879325   0.0976093546
72     -0.1640923338      0.080663102    0.0430911755  -0.1497909664
73     -0.0709287332     -0.049475048    0.0331807543  -0.0078784315
74     -0.0409967543      0.018108182    0.0192230121   0.0334207307
75     -0.0119211980     -0.063431895   -0.0067007528   0.0155218019
76     -0.0690103696     -0.061144741   -0.0176737304  -0.0003590104
77     -0.0250075939     -0.052801901    0.0258634861   0.0937913730
78      0.1344244053      0.129943311    0.0464136902  -0.2199268972
79     -0.1917732461      0.004791874    0.0212799087  -0.0960539093
80      0.0730730292     -0.203797724   -0.0239688521   0.0070935323
81      0.1422530689      0.146294006    0.0599972964   0.2781293497
82     -0.2082414752      0.060720388   -0.0216728438  -0.1147258968
83     -0.1167595962     -0.087619437    0.0695945148  -0.0279979476
84     -0.0232527063     -0.021284798   -0.0260354533   0.0132497292
85      0.0315507937     -0.014718146   -0.0114812875   0.1135650205
86     -0.1041565324      0.097753988    0.0326207865  -0.1367133395
87      0.1044921624      0.234512715    0.0683604927  -0.3499057626
88     -0.0275076106      0.056820438   -0.0001168421  -0.0094750200
89      0.2581879078     -0.089334087    0.0212335823   0.0956117662
90     -0.0611775752      0.007932849    0.0045986516  -0.0045249924
91     -0.0829793177     -0.090286319    0.0025848893   0.0083915220
92      0.2052203027      0.161660465    0.0392907740  -0.2018083999
93      0.2903081025      0.207792837    0.0325158082  -0.1480755198
94     -0.0219037619     -0.013054081   -0.0157557057   0.0769561138
95      0.0302834810     -0.035610748   -0.0040798848   0.0075871179
96     -0.0426497820      0.035471495   -0.0135652442  -0.0781038411
97     -0.0555063390      0.025699092    0.0219214596  -0.0528141219
98      0.1294561968      0.017346215    0.0194117024   0.0616216996
99     -0.0044803876     -0.056768256   -0.0170827890   0.0238421669
100     0.0611304564     -0.029342084   -0.0135388800   0.0439460002
101    -0.1415030181      0.048732260   -0.0232967608  -0.0100366007
102     0.0004590334      0.055378023    0.0280881864   0.0639147899
103    -0.1197347891     -0.079981806   -0.0158478516  -0.0261972554
104     0.0362051836     -0.187955269    0.0042321018  -0.0732993712
105    -0.1235708310      0.035171238   -0.0208841674  -0.0489606208

$rank
[1] 13

$qraux
 [1] 1.045408 1.090279 1.003740 1.072602 1.009519 1.244951 1.106786 1.070601
 [9] 1.032363 1.043975 1.052012 1.026279 1.021799

$pivot
 [1]  1  2  3  4  5  6  7  8  9 10 11 12 13

attr(,"class")
[1] "qr"
$qr
    rep(1, nrow(x_det_traits))      Vol_min          WIn          HSI
1                 -10.24695077 -10.39333578  0.022933652 -2.779363408
2                   0.09759001  -3.63711031  0.011037019  0.307210133
3                   0.09759001   0.00864449  0.404266288  0.164488779
4                   0.09759001   0.00864449 -0.014190357 -2.148398572
5                   0.09759001   0.00864449  0.119384966  0.012821072
6                   0.09759001   0.00864449  0.149068371 -0.055868784
7                   0.09759001   0.00864449  0.084754327  0.044783819
8                   0.09759001   0.00864449  0.037755602  0.118516669
9                   0.09759001  -0.12882728  0.034051264  0.093214650
10                  0.09759001   0.00864449 -0.041400145 -0.067887986
11                  0.09759001   0.00864449  0.005598580  0.151620841
12                  0.09759001   0.00864449 -0.076030784  0.205184585
13                  0.09759001  -0.12882728  0.038998498 -0.034832136
14                  0.09759001   0.00864449  0.062491773  0.022408964
15                  0.09759001   0.00864449 -0.006769506  0.002085659
16                  0.09759001   0.00864449  0.116911349  0.057295020
17                  0.09759001   0.00864449  0.089701561  0.054979539
18                  0.09759001   0.00864449 -0.053768230 -0.067078625
19                  0.09759001   0.00864449 -0.056241847  0.206868571
20                  0.09759001   0.00864449  0.005598580 -0.069474074
21                  0.09759001   0.00864449  0.094648795  0.080535536
22                  0.09759001   0.00864449  0.124332200 -0.075661360
23                  0.09759001  -0.12882728 -0.010473843 -0.053936917
24                  0.09759001   0.00864449 -0.041400145 -0.042287522
25                  0.09759001   0.00864449  0.114437732  0.047309799
26                  0.09759001   0.00864449 -0.130450360  0.104202786
27                  0.09759001   0.00864449 -0.058715465 -0.102409345
28                  0.09759001   0.00864449 -0.293709088 -0.047467143
29                  0.09759001   0.00864449 -0.160133765 -0.029583754
30                  0.09759001  -0.12882728  0.048892967 -0.060521532
31                  0.09759001   0.00864449  0.005598580 -0.067146759
32                  0.09759001   0.28358803 -0.202197431 -0.031132368
33                  0.09759001   0.00864449 -0.036452911 -0.064674211
34                  0.09759001   0.00864449 -0.056241847  0.042560140
35                  0.09759001   0.00864449 -0.076030784 -0.100624593
36                  0.09759001  -0.12882728  0.006841476 -0.037568613
37                  0.09759001   0.00864449  0.082280710 -0.043399182
38                  0.09759001   0.00864449 -0.006769506 -0.070992028
39                  0.09759001   0.55853158 -0.130474711 -0.009499634
40                  0.09759001   0.00864449  0.084754327 -0.046912388
41                  0.09759001   0.00864449 -0.093346104  0.064537666
42                  0.09759001   0.00864449 -0.016663974  0.036153390
43                  0.09759001   0.00864449 -0.192290787 -0.095623197
44                  0.09759001  -0.12882728 -0.037683631 -0.060441565
45                  0.09759001   0.00864449 -0.024084825 -0.047795979
46                  0.09759001   0.00864449  0.060018156  0.353142644
47                  0.09759001   0.00864449  0.069912624  0.157093797
48                  0.09759001   0.00864449  0.104543263 -0.049883031
49                  0.09759001   0.00864449 -0.130450360  0.104202786
50                  0.09759001   0.00864449 -0.058715465  0.012094548
51                  0.09759001   0.00864449  0.013019431 -0.078617302
52                  0.09759001   0.00864449  0.074859858  0.157514793
53                  0.09759001   0.00864449  0.082280710 -0.071792424
54                  0.09759001   0.00864449 -0.071083550 -0.089963410
55                  0.09759001   0.00864449  0.057544539  0.021987967
56                  0.09759001   0.28358803  0.077321300 -0.027360969
57                  0.09759001   0.00864449  0.082280710  0.079483045
58                  0.09759001   0.00864449 -0.236815895 -0.017490682
59                  0.09759001   0.00864449  0.109490498 -0.089026388
60                  0.09759001   0.00864449 -0.145292063  0.102939796
61                  0.09759001   0.00864449  0.114437732 -0.060212149
62                  0.09759001   0.00864449 -0.080978018 -0.074514199
63                  0.09759001   0.00864449 -0.048820996 -0.074105036
64                  0.09759001   0.00864449  0.003124963 -0.050135127
65                  0.09759001  -0.12882728  0.034051264 -0.004998038
66                  0.09759001   0.00864449  0.099596029 -0.048907639
67                  0.09759001   0.00864449 -0.031505677  0.069800123
68                  0.09759001  -0.12882728  0.036524881  0.007779960
69                  0.09759001   0.00864449  0.111964115 -0.092539593
70                  0.09759001  -0.12882728 -0.027789163  0.019994598
71                  0.09759001   0.00864449  0.015493048 -0.021154857
72                  0.09759001  -0.12882728 -0.116839378  0.313105744
73                  0.09759001   0.00864449  0.035281985 -0.035762075
74                  0.09759001   0.00864449  0.010545814  0.048243593
75                  0.09759001   0.00864449  0.067439007 -0.081433747
76                  0.09759001   0.00864449  0.139173903 -0.016215498
77                  0.09759001   0.00864449  0.107016881 -0.061309107
78                  0.09759001   0.00864449  0.092175178 -0.100274598
79                  0.09759001   0.00864449  0.077333475  0.097215104
80                  0.09759001   0.00864449 -0.217026958 -0.062352993
81                  0.09759001   0.00864449  0.146594754 -0.047235486
82                  0.09759001   0.00864449 -0.266499300  0.006980192
83                  0.09759001   0.00864449  0.097122412 -0.064478415
84                  0.09759001   0.00864449 -0.014190357 -0.089311117
85                  0.09759001   0.00864449  0.025387517 -0.056618976
86                  0.09759001   0.00864449  0.141647520  0.360089087
87                  0.09759001   0.00864449  0.027861134  0.117674676
88                  0.09759001   0.00864449 -0.011716740  0.150147353
89                  0.09759001   0.28358803 -0.078516577  0.020818752
90                  0.09759001  -0.12882728  0.011788710  0.005674977
91                  0.09759001   0.00864449  0.116911349 -0.075361929
92                  0.09759001   0.00864449  0.064965390 -0.016944891
93                  0.09759001   0.00864449  0.072386241 -0.026088119
94                  0.09759001   0.00864449 -0.036452911 -0.048848470
95                  0.09759001   0.00864449 -0.036452911 -0.027437173
96                  0.09759001   0.00864449 -0.048820996  0.207500066
97                  0.09759001   0.00864449  0.017966665  0.213183520
98                  0.09759001   0.28358803  0.017954490  0.142135689
99                  0.09759001  -0.12882728  0.006841476 -0.095286023
100                 0.09759001   0.28358803  0.064953214  0.015805522
101                 0.09759001   0.00864449  0.035281985 -0.054380594
102                 0.09759001   0.00864449 -0.061189082  0.085427200
103                 0.09759001   0.28358803  0.064953214  0.023252930
104                 0.09759001   0.00864449 -0.172501851  0.032666720
105                 0.09759001   0.00864449 -0.273920151 -0.045783157
      FMo_Average mean_sat_top mean_sat_bottom mean_lgt_top mean_lgt_bottom
1   -4.479381e+01 -5.888903003    -5.204098057 -4.866190626    -6.639401987
2   -8.095123e+00  0.199818058     0.185528691 -0.463524949    -0.606936590
3   -2.538842e+00 -0.286496245     0.296145802  0.410690151    -0.159571119
4    2.124266e+00 -0.348075531    -0.248917218  0.091523215     0.051926158
5    1.539562e+01 -0.181165998    -0.301532053  0.356342858     0.242264448
6   -7.741391e-02 -1.600169414    -1.068534227  0.779543846     0.523870976
7    5.637369e-02  0.013762915     1.172067907 -0.027871310    -0.294538367
8    6.791739e-02  0.011101868     0.089785689  1.249001452     0.730966100
9    5.028083e-02 -0.079163533    -0.010170050  0.011346294    -0.796194448
10  -6.762449e-02 -0.188551611    -0.002891669 -0.089072249     0.001431805
11   2.458582e-02  0.069113410    -0.066361593 -0.047856884     0.023298220
12   3.560018e-02 -0.228506082    -0.078418045 -0.047516332     0.109087483
13   4.405705e-02  0.059434617    -0.069393238 -0.072541599    -0.093324332
14  -7.038949e-03  0.090203146     0.018259921 -0.139257281     0.012934744
15   5.285419e-02  0.047529402     0.073012724  0.023859127    -0.191042031
16   1.555386e-01 -0.153033674     0.035236293 -0.026981226     0.058809369
17   5.498689e-02 -0.017674039     0.119176222  0.046941562     0.010516250
18  -3.292298e-01 -0.150313766    -0.110446483 -0.138380032     0.125581040
19  -2.219439e-01  0.010689527     0.090784311  0.081977611    -0.194049733
20   6.879087e-02  0.051867563    -0.087851520 -0.062833923     0.055103746
21   8.300577e-02 -0.140519070     0.108563337 -0.030642166    -0.016384189
22   8.566873e-02  0.070960083    -0.008763009 -0.229002247     0.029111751
23   4.135980e-02 -0.039114628     0.110265621  0.069509630     0.050479661
24   5.716413e-02 -0.128131661    -0.119922084 -0.071804410     0.138124151
25  -3.299424e-01  0.022051030    -0.130222483  0.037949137     0.098273718
26   1.614470e-02  0.146493324     0.016906962 -0.104321226     0.080404434
27   6.690376e-02  0.085913760    -0.134633694  0.166876771    -0.019082930
28  -3.999050e-02 -0.081229562     0.190040125  0.080950484     0.074948096
29  -2.533076e-01 -0.016327044     0.115175711 -0.214386013     0.044744613
30   8.297348e-02 -0.084217101    -0.064817434  0.113867885    -0.052043097
31   6.832556e-02  0.116451208    -0.041523190 -0.023928575     0.056619015
32  -1.926357e-02 -0.134280152    -0.114227418 -0.056599337     0.077812339
33  -1.325689e-01  0.102005096    -0.034573749 -0.055540061    -0.070762724
34   7.072162e-02  0.015076189     0.059864972  0.124944402    -0.087830120
35  -9.811790e-02  0.128844860     0.046525905 -0.020709223    -0.277941380
36  -2.458543e-02  0.113124671    -0.076334528 -0.026550759    -0.146824942
37  -1.536585e-01  0.049999515     0.079335159 -0.028662184    -0.006908805
38   3.498834e-02 -0.177128623    -0.015558266 -0.162272208    -0.123501540
39   1.601812e-01  0.074500293    -0.280014378 -0.032905172    -0.034050414
40  -1.526303e-01  0.018387280     0.039384750  0.101151159     0.137119686
41   9.391652e-02  0.109447508     0.053325730 -0.096826586     0.037724489
42   7.721616e-02  0.005645821    -0.029426155  0.136290487    -0.117336430
43   4.795106e-02 -0.176243878     0.155395431 -0.086233486     0.013808394
44   6.599200e-03  0.071526959    -0.099348263 -0.015167142    -0.082161809
45  -1.667910e-01  0.037109793    -0.018480678  0.037726063    -0.001221735
46   2.393963e-02 -0.245377068     0.107525331  0.095006910     0.083602898
47  -5.131061e-04 -0.078770681     0.020177096 -0.029572251    -0.161014360
48   1.428614e-01  0.106393538    -0.061404891 -0.088214957     0.027345589
49  -1.633207e-02  0.059255026     0.016375805  0.160790930     0.100158458
50  -5.342013e-02  0.064299658    -0.076620419  0.079642311     0.132298306
51   7.159649e-02  0.031725961    -0.064288555 -0.042251661    -0.034858579
52  -1.298527e-01  0.049661687    -0.125176582  0.060308490     0.116470086
53   4.687897e-02  0.116168595    -0.124839015 -0.210555632    -0.027978664
54  -9.959777e-02  0.089388175     0.082612178 -0.059946229    -0.039759760
55   8.982385e-02 -0.029938824    -0.103048588  0.011538440    -0.097869434
56   8.175696e-02 -0.108725071     0.154282256  0.046103295    -0.025596982
57  -4.832015e-02  0.105561736    -0.139736081 -0.223695279    -0.019419934
58   2.646419e-02  0.195783461     0.049760315 -0.042411903     0.175811396
59  -1.104453e-02 -0.072674160    -0.002379777 -0.035301996    -0.041671459
60   1.444212e-02  0.122325066    -0.001726369 -0.028676834     0.060624981
61  -1.460610e-01  0.035450290     0.071660806  0.024574510     0.115504052
62   5.839384e-02 -0.077400360     0.161687161  0.068926365     0.053822664
63   3.007130e-02 -0.202601519    -0.021481878 -0.085901602    -0.029543540
64  -9.778542e-02 -0.299165857     0.112902717 -0.093165148    -0.015903670
65   4.963632e-03 -0.017545685    -0.086444770 -0.018517999     0.066254590
66   4.458440e-02  0.070001152    -0.121283193 -0.033546064     0.021299939
67  -1.912804e-01  0.111707116     0.000514292 -0.086184259     0.096404627
68   2.734688e-03 -0.027219726     0.009413666  0.045876846    -0.084526879
69  -7.496981e-02 -0.060424563    -0.108710968  0.052297393    -0.061091336
70   2.429721e-02 -0.028013430     0.007996406  0.128557902    -0.085864173
71   1.253870e-01  0.129197562    -0.097437021 -0.187246016     0.009619961
72  -7.851392e-02 -0.023829069     0.130526950 -0.045887194    -0.055692229
73   6.596080e-02  0.018767806    -0.013080506 -0.116685717    -0.137752792
74   7.838323e-02  0.063077624    -0.050489208 -0.110900194     0.033721038
75   1.118051e-01  0.021341145    -0.082266327  0.054718936    -0.107934114
76  -2.169192e-02 -0.036079459    -0.001194900  0.083820698     0.001931557
77   1.556469e-02  0.086066285    -0.018315214 -0.222164008    -0.035181172
78  -1.409836e-01 -0.067282411     0.220428704 -0.104205398     0.049722936
79   1.423435e-01 -0.119081447    -0.006601982 -0.008815439     0.118825080
80   7.051740e-02 -0.051778430     0.196714042 -0.024459505     0.108954362
81  -1.451233e-02 -0.161106396     0.041389987 -0.027996501    -0.030531559
82   8.261491e-02 -0.014067857     0.131414674  0.209262166     0.203480527
83  -1.474889e-01 -0.023939695     0.028772397 -0.245921368    -0.279756847
84   1.026270e-01  0.032545621    -0.093533583  0.146899438     0.012864003
85   6.882746e-02  0.134348115    -0.059625723 -0.061202373     0.046707355
86  -2.265104e-01 -0.103247361    -0.003508900  0.102878084     0.028036354
87   1.828787e-03 -0.164703036     0.076119100 -0.008916587     0.055290146
88   1.200298e-01  0.033639175    -0.081605827  0.036074028     0.068090491
89   1.911874e-02 -0.060009965    -0.316717295 -0.125959099     0.055806991
90  -1.029467e-04  0.025709495    -0.082595992  0.001659096     0.016926043
91   5.215454e-02 -0.010370255     0.036594275 -0.029843049    -0.061299883
92   3.363197e-02 -0.015434307     0.167787148 -0.088093678     0.053845639
93  -1.584231e-01  0.023646204     0.010545091 -0.048234234     0.052515963
94  -5.825945e-03  0.119467479     0.046639624 -0.020737434     0.062137547
95   5.484669e-02  0.079381845    -0.051276547  0.074869507    -0.205266494
96   6.244799e-03  0.001054337     0.038283302  0.174969707    -0.060783021
97  -8.352391e-02  0.003670847     0.037030823 -0.016398390    -0.105968394
98   7.252469e-02  0.112974397    -0.123843473 -0.033440155    -0.244718695
99   1.943119e-02  0.071793077    -0.039136923  0.073281976    -0.111072820
100 -5.840996e-02  0.036412864    -0.074867784  0.120243412    -0.157075841
101  4.729776e-03 -0.071387387    -0.156809046  0.139718457     0.327519387
102  2.902243e-02  0.135474745    -0.051692972 -0.171790086     0.015001211
103  5.054573e-03 -0.045083841     0.220477099  0.085513926    -0.014971878
104  5.738474e-02 -0.143770787     0.135748912 -0.032476149     0.020894070
105 -3.772040e-02  0.075154380     0.138357299  0.157360302     0.066945438
    main_colorred main_colororange main_coloryellow main_colorgreen
1   -0.4879500365    -7.1240705325    -1.1710800875    -0.097590007
2    0.1571105967     0.5616703831    -0.5027539093     0.003927765
3   -0.2338645573    -0.3508039593     1.1833933756     0.007902574
4   -0.3733067330    -0.1525655127     0.3374890435     0.080406230
5    0.3971224028    -0.9830096626     0.1793065092    -0.031851512
6   -0.0514860367    -2.9902565595     1.4710218964     0.187204710
7    0.0152812687     0.6484748582     0.4172859345     0.059148448
8   -0.2473466400    -0.8921717692     0.3567512341     0.146553398
9   -0.0971964038     0.7372408033    -0.5649428136     0.132793475
10   2.0765241249    -1.7461576779    -0.0280349732     0.026086011
11   0.0342878979     2.6587182514    -0.9792781283    -0.042833015
12   0.0380259647     0.0473977632    -2.2550175091     0.204711693
13   0.0168902838    -0.0215411837     0.0183205018     0.927814884
14  -0.4655694853     0.0132223683     0.1121424094     0.023437072
15   0.0073684065    -0.0180731136     0.0502729820     0.011351076
16   0.0058450947    -0.2973837380     0.0075742879     0.009301335
17   0.0254179228    -0.1093390307     0.0349742490    -0.024178173
18   0.0665584466     0.0473671740     0.1428506670     0.010318674
19   0.0936519810     0.0218423108     0.0031703427    -0.009503592
20  -0.0068978104    -0.0686508775    -0.0245273746     0.013990123
21   0.0190036753     0.0965060507    -0.1313174611     0.062121495
22  -0.0184573088    -0.1418909651     0.0348744183     0.015407181
23  -0.4617294828    -0.0578485671     0.1021365889     0.016662727
24  -0.0013993879     0.0973721855     0.2023032506    -0.000599998
25  -0.3706115076     0.0400298876    -0.0115428465     0.016350043
26   0.0093030709     0.0563950589     0.0006370323    -0.023714955
27   0.0039623493     0.0873608110    -0.0477995326     0.007336206
28  -0.0005701383     0.1936616029     0.2467579581    -0.043177595
29   0.0318201604     0.1556462371    -0.1973368106     0.073770295
30   0.0246976985    -0.1214309770    -0.0172649644     0.025641055
31  -0.0053489198     0.0174169603    -0.0042090831    -0.007181009
32  -0.0233146563     0.0728702825     0.1562208180     0.014117257
33   0.0288202849     0.0083281893    -0.0205595406     0.015263228
34  -0.4659351259     0.0571978491     0.1057972058     0.021445147
35   0.0125252372     0.0572715302     0.0348323999     0.030370046
36   0.0308901945     0.0732173129     0.0144458449     0.021844124
37   0.0463828612     0.3051371220    -0.1557195944     0.043975274
38  -0.0096882724     0.0004754694    -0.1730925443    -0.945417220
39  -0.0735132026    -0.0560114500    -0.1078367108     0.048719370
40   0.0596446178    -0.0600899540    -0.0438402422    -0.034023618
41  -0.0091359196    -0.0002045165     0.0266297560    -0.015214177
42   0.0203772916     0.0006307226    -0.0008119916     0.007581702
43  -0.0293394740    -0.0020842454    -0.1746037134     0.095697772
44   0.0200724662     0.0229874796    -0.0111724976     0.026615671
45   0.0482887981    -0.0330223780    -0.0473967906     0.001971022
46   0.0805424421     0.0870033250    -0.1757107790     0.028357299
47   0.0459814843    -0.1524950724     0.0222241896     0.021143430
48  -0.0146339742    -0.0217924847     0.0234614213     0.001272356
49   0.0406110492     0.0705274174    -0.0415948081    -0.040102946
50   0.0366241036     0.0269824006    -0.0665131580    -0.020000474
51  -0.0071865683    -0.0804256084    -0.0078078772     0.024632518
52   0.0843828558     0.0383559856    -0.0676507031    -0.028753351
53  -0.0095176890    -0.0485721618     0.0054522570     0.030920874
54   0.0120339775    -0.0368855149     0.0056714124     0.002581862
55   0.0138989070    -0.0955495920    -0.0099431755     0.030902536
56  -0.0192278107     0.0908937189    -0.1468652280     0.055891902
57   0.0311434567    -0.0265568425    -0.0098088468     0.019787608
58  -0.0151982198     0.1047227684    -0.0186938574    -0.038020264
59   0.0165991203     0.1581548397    -0.1678602988     0.084162029
60   0.0156608389     0.0678330407    -0.0133055494    -0.021610572
61   0.0508759578    -0.0829218830    -0.0186845662    -0.030493611
62  -0.0067299797     0.1753197570     0.2857963679    -0.044355539
63  -0.0049894063    -0.0022512630     0.2380957604     0.025799765
64   0.0257600118    -0.1390404050    -0.1978271698     0.109803602
65   0.0358901743    -0.0942164964    -0.0331954143     0.010448068
66   0.0121140636    -0.0258322228    -0.0189055389     0.009644985
67   0.0575443699     0.0151578188    -0.0357998561    -0.023842822
68   0.0406441329    -0.0743577024     0.0110985346     0.011586943
69   0.0398338600    -0.1427941412    -0.0497760977     0.033850104
70   0.0398731965    -0.0310223256     0.0003741370     0.006022239
71  -0.0225918074    -0.0170189131     0.0140260230     0.017184507
72   0.0766517018    -0.0495230601     0.0280592322    -0.020361798
73  -0.0063253872    -0.1180415652     0.0296351873     0.036316618
74   0.0029830238    -0.0537150998     0.0018385479     0.003804478
75  -0.0022771724    -0.0441066384     0.0029457883     0.026033457
76   0.0419238201    -0.1109427439    -0.0123136121    -0.004514584
77  -0.0032812509    -0.1056004662     0.0310183816     0.021238810
78   0.0276542448     0.0872303990    -0.1372235611     0.049482901
79   0.0135446496    -0.2355581174    -0.0148336544    -0.002370286
80  -0.0283637373     0.1642180635     0.2831677118    -0.044387132
81   0.0272114545     0.0553019536    -0.1660977016     0.084440928
82  -0.0026317302    -0.0420134079    -0.0462326945    -0.044983349
83   0.0254653904    -0.2232800056     0.0380465739     0.067999717
84   0.0003698692     0.0034957031    -0.0362097684     0.004914133
85  -0.0053044279     0.0272297934     0.0009699798    -0.004536296
86  -0.3406355150    -0.0243006139     0.0434366169    -0.007591340
87   0.0387396885     0.0915462791    -0.1771895461     0.057938870
88   0.0217930037     0.0034663803    -0.0196236323    -0.015343385
89  -0.0144303081     0.1697909107     0.1442756216     0.027719261
90   0.0373465591    -0.0250538386    -0.0222761814     0.007642249
91   0.0046930870    -0.1456507847     0.0272371382     0.014136587
92   0.0041370960     0.1812172397    -0.1170663390     0.040842304
93   0.0499888830     0.2757752396    -0.1882917018     0.050290695
94   0.0064454739     0.0159600273     0.0032551428    -0.020467476
95   0.0077703087     0.0607456546     0.0141651673     0.023723123
96   0.0585602550     0.0396514774    -0.0025109425    -0.027342201
97   0.0662394790    -0.0384920649     0.0130010758    -0.006435546
98  -0.0010979177     0.0588009964     0.0082332202     0.026340170
99   0.0220882758     0.0435256936     0.0099917360     0.014157781
100  0.0248814855    -0.0108345584    -0.0358759616     0.012634326
101  0.0338171655    -0.1381844000    -0.1267166996    -0.018407479
102  0.0057923256     0.0224537358     0.0049065211     0.001142229
103  0.0032430301    -0.1899071545     0.0252033400    -0.029136911
104 -0.0061783782     0.0918041812     0.2730282408    -0.020099772
105  0.0067943191     0.0454465778    -0.0277549062    -0.032108729
    main_colorblue
1    -7.807201e-01
2    -2.435214e-01
3    -6.614637e-01
4     2.626557e-01
5     2.481182e-01
6     3.687331e-01
7    -8.075878e-01
8     2.177803e-01
9    -2.464693e-01
10   -2.102700e-01
11   -1.405959e+00
12    9.721217e-01
13   -3.852190e-01
14    1.659037e+00
15    1.157419e-02
16   -6.099293e-02
17    9.496530e-03
18   -7.288690e-02
19   -7.017963e-02
20    6.517770e-03
21    3.461187e-01
22    1.557744e-02
23   -2.476575e-02
24    3.936043e-02
25   -6.824466e-02
26    2.391160e-02
27    5.172903e-02
28    4.740013e-02
29    2.690688e-01
30   -3.366290e-02
31    5.538314e-02
32   -9.583843e-03
33   -1.750810e-02
34    3.706215e-03
35    8.277911e-05
36    1.797680e-02
37   -1.974290e-01
38    9.119495e-03
39    3.383007e-03
40   -2.064528e-03
41    2.816501e-02
42    8.334930e-03
43    2.614785e-01
44   -3.458633e-03
45   -3.823658e-02
46    2.904536e-01
47   -7.528394e-02
48    6.825556e-02
49    1.758111e-02
50    6.627286e-03
51   -2.598108e-03
52   -4.398931e-03
53    1.808273e-02
54   -1.452687e-02
55   -2.424115e-02
56   -2.208816e-01
57   -1.444601e-02
58    5.712514e-02
59   -2.419742e-01
60    1.873549e-02
61    1.434687e-03
62    1.052955e-01
63   -1.641428e-02
64    1.864391e-01
65   -3.547539e-02
66    3.034289e-02
67   -1.990314e-02
68   -3.054677e-02
69   -5.688530e-02
70   -2.257477e-02
71    3.835056e-02
72   -8.682558e-02
73   -2.448449e-02
74    6.497506e-03
75    2.351126e-02
76   -9.805055e-03
77    2.824891e-03
78   -2.625389e-01
79   -4.789630e-02
80    8.530998e-02
81    3.191866e-01
82   -4.358721e-03
83   -1.143167e-01
84    3.689726e-02
85    6.050363e-02
86   -1.017968e-01
87   -2.956672e-01
88    2.059635e-02
89    3.559647e-02
90   -1.390706e-02
91   -4.461566e-03
92   -2.005359e-01
93   -2.214852e-01
94    4.012725e-02
95    2.599384e-02
96   -3.041201e-03
97   -4.841669e-02
98    3.002705e-02
99    2.801110e-02
100   4.925130e-03
101  -2.561223e-02
102   1.174260e-02
103  -7.184238e-03
104   2.410276e-02
105   4.338822e-03

$rank
[1] 14

$qraux
 [1] 1.097590 1.008644 1.087228 1.114096 1.099803 1.061021 1.003026 1.083684
 [9] 1.005050 1.015500 1.012008 1.203005 1.025749 1.004913

$pivot
 [1]  1  2  3  4  5  6  7  8  9 10 11 12 13 14

attr(,"class")
[1] "qr"

Processing function input....... 

Converting data frame 'x_det_traits' to matrix.

Done. 
 
Beginning parallel processing using 4 cores. Console output will be suppressed.
